RD
8001
8106
8112
8113
8124
8111
8102
8103
8021
8022
8020
8012
8005
8006
8023
8014
8024
8026
8025
8123
8122
8121
8128
8131
8127
8126
8125
8013
8132
8133
8135
8120
8110
8101
8010
8004
8003
8050
8054
8055
8056
8045
8007
8058
8201
8205
8202
8204
8261
8270
8203
8211
8217
8213
8214
8215
8212
8210
8225
8226
8227
8221
8262
8220
8222
8260
8218
8216
8253
8252
8250
8251
8153
8066
8300
8061
8151
8062
8150
8152
8272
4104
4124
4114
4102
4100
4126
4120
4118
4122
4014
4016
4134
4136
4004
4012
4132
4128
4130
4002
4006
4010
4018
4008
6010
6006
6005
6009
6008
6007
6002
6003
6004
6001
6018
6021
6022
6012
6011
6023
6024
6020
6025
6026
6017
6016
6030
6014
6013
6015
3400
3401
5102
5171
5160
5180
5161
5116
5107
5109
5101
5147
5187
5105
5166
5168
5163
5164
5188
5165
5162
5141
5170
5186
5103
5106
5167
5169
5126
5140
5117
5183
5100
5182
5104
5181
5114
5185
5108
5146
5112
5184
1011
1004
1003
1002
1012
1006
1010
1008
1013
1007
1009
1005
1000
9180
9176
9172
9173
9170
9174
9158
9152
9150
9148
9178
9138
9160
9162
9164
9169
9166
9168
9146
9072
9102
9085
9090
9088
9094
9096
9086
9144
9142
9140
9134
9029
9031
9041
9040
9043
9025
9027
9062
9070
9068
9058
9054
9066
9060
9052
9064
9046
9030
9016
9026
9018
9020
9014
9024
9010
9006
9012
9008
9001
9002
9022
9028
9038
9036
9000
9107
9126
9113
9076
9080
9042
9109
9111
9129
9128
9127
9034
9032
9050
9078
9084
9108
9106
9110
9112
9116
9114
9115
9123
9122
9118
9124
9130
9132
9136
9200
9202
9206
9212
9204
9210
9300
3023
3032
3022
3035
3114
3121
3129
3122
3113
3112
3115
3105
3102
3101
3107
3152
3126
3128
3124
3226
CH
3261
3252
3254
NBPM
3260
3250
3251
3275
3271
3270
3256
3262
3204
3222
3216
3220
3224
3221
3223
3217
3205
3206
3203
3201
3328
3331
3329
3325
3302
3308
3309
3307
3304
3319
3317
3321
3322
3320
3342
3343
3311
3341
3340
3123
3127
5145
5142
5110
5159
8011
8088
9048
8077
3120
9100
9082
8254
3202
8104
8027
3210
3215
6019
3125
3017
3024
3012
3013
3016
3021
3020
3031
3305
3015
3033
3014
3030
3306
3330
3323
3324
3281
3300
3332
3333
3334
3227
3110
OUT
4116
3026
3025
3140
3141
3153
3143
3144
9092
9098
9074
9073
9154
9156
9104
9105
3314
3100
5148
8130
8154
SV
O
3103
3151
3344
SP
4140
9007
3335
V
6031
6032
6033
3111
8035
3257
AIRG
NBPH
PH
9071
8064
8065
8067
8063
8059
8051
6027
3303
9214
8155
