rd
6015
6015
6015
6018
3261
3261
3261
5126
3340
3340
3340
3340
3261
3261
3261
3261
3261
3261
3261
8250
8250
5126
5126
5126
8010
8110
8110
1000
1000
3340
3024
8132
8013
8013
8013
8045
3260
3260
3260
3024
8014
5116
5116
6015
6015
8064
5146
5146
5108
5108
4100
3260
3260
3251
3251
3222
3024
4134
3024
3024
8151
8151
3329
8250
8153
8051
8051
8252
5108
5108
6025
3210
3210
8132
3129
3129
3129
6018
6018
6005
6005
5188
5188
5188
5188
3024
5104
6012
8151
8151
8151
8201
5147
5148
8211
8211
8211
8211
8211
8211
3302
3302
3302
8150
5112
5112
5100
5100
5145
5145
1010
8104
8104
8225
8225
8058
5117
6003
8221
8221
8221
8153
8153
5117
5117
8045
8045
3302
3302
3302
3302
6025
6025
6025
8104
3113
3113
3113
3113
3113
3113
8045
3314
3314
3314
3261
3261
3261
3330
5102
5102
5102
3012
8111
8025
8025
3271
3271
3271
8201
8201
6005
8254
8215
8112
8128
8128
8128
8121
8121
8121
6006
3325
3325
1002
1002
1005
1005
1005
1005
8066
3024
3024
3024
3024
3024
3024
3024
3024
3024
8006
8006
8128
8128
8128
8128
8128
8128
8128
8128
8128
8128
8128
8128
6006
6006
6006
6006
6006
6006
8014
8126
8126
8126
8120
8120
3021
3021
3021
3021
8252
8252
3031
3031
3031
8077
8077
3321
3321
8062
8062
3100
8111
8111
6020
6020
8252
8252
8272
8272
8132
8007
8007
5100
8221
8254
8300
3314
8215
3302
8128
8128
8254
8254
5101
5101
5103
5108
5108
8027
8027
8215
8227
8227
1000
3307
1005
1005
3127
3127
3127
8225
8218
8064
8064
3113
5108
8006
8006
8006
8300
8058
3129
3129
3260
3260
5188
8213
5108
5145
5100
5100
5148
6012
6012
6012
5117
5117
3013
3013
3016
3016
3016
8123
8121
8121
8120
8120
8025
8025
8132
8132
1002
1002
3101
8151
3307
3307
3307
8050
8050
8300
5102
8121
6012
6012
6012
8045
8064
8064
3017
6012
8006
8006
8006
8124
8128
8128
5148
8128
8128
8128
8102
8102
8102
1005
8110
8110
5148
8201
3222
8132
3222
3222
8150
3261
6010
6010
8252
8150
3307
3307
3307
8210
8210
8062
8062
3261
3261
3261
3261
3261
4114
3152
3152
5117
8151
8250
8250
8250
8026
8026
1000
1000
1000
1000
8128
3321
3321
3321
1005
1005
1005
1005
1005
1005
3215
3215
3314
4122
4122
4122
4122
3251
3251
3206
8121
8121
8122
8122
8300
8300
8104
8104
8055
8055
8300
6005
6005
8110
8110
5148
5108
5108
5108
8065
3314
3314
3324
3324
3324
3324
3324
3324
3324
3324
3324
3324
8112
8112
3030
3030
8128
1005
5100
5100
5103
5103
5100
5100
5186
8045
8045
8215
3222
3250
3250
5104
3260
8102
8251
8055
3300
3300
3300
3300
3300
3300
3300
3300
3300
3300
3300
3300
8055
8055
8055
8055
6020
6020
6020
6020
3100
5104
8261
8261
8202
8202
8045
8300
1000
6012
3033
8102
5145
5145
5114
5114
3100
8202
8128
8026
8026
8088
5188
5188
5188
5188
8077
8077
8051
8051
3215
3215
5148
5148
5110
5110
6014
8102
3261
3261
3261
3261
4134
8023
8023
1000
3317
8013
3311
3311
3311
8023
8023
3227
3227
3227
3227
3227
3227
8088
8088
8088
8088
8201
8059
8300
6020
6020
3261
3261
3261
8111
8111
8111
8111
8111
3312
3312
3312
3312
3312
3312
3303
3024
3024
3024
8123
8123
6012
8045
3021
3021
3021
5107
5107
3314
3314
3340
3340
3340
3340
3340
3340
3340
8001
8001
5148
5108
5108
5108
3300
8124
3314
8045
8045
8062
8062
3314
3024
5104
5104
5104
3340
5104
4122
4132
3314
8059
8059
5102
5102
3217
3217
5126
5126
5126
8300
8300
8106
8088
3122
3122
3122
3122
8062
8062
8225
8225
8300
8250
8250
8104
6012
6012
8202
8202
8102
8102
8102
8102
8102
1005
8055
8125
8125
8050
8050
8153
8153
6020
6020
3111
3111
5100
5100
8067
8067
3314
3300
3300
6019
6012
8058
8126
1000
8213
3321
3321
5141
5141
3112
8252
3261
3261
8204
5104
8204
3261
8211
5167
5167
4122
4122
1005
1005
5102
5102
8021
8021
8050
8050
3307
3307
3307
3307
5102
5102
5110
5110
3024
5100
8006
8006
8120
8221
8067
8067
8067
8025
8128
8128
8128
8128
8128
8128
8128
8128
8128
8128
8128
8128
8128
8128
8061
8215
3012
3012
3308
6018
3026
5104
5104
5116
5116
5101
5101
8250
3012
3012
8124
8124
5112
5112
3250
3250
8112
8112
5101
5101
5101
5101
5101
5101
5101
5104
5104
3202
3202
3012
5108
3314
3314
3340
3340
3340
3340
8051
8051
3110
3110
8211
8211
8211
8211
8251
8251
3123
3123
3016
3016
8252
8252
8252
8252
3307
3307
6014
6014
6023
6023
8104
8104
3124
8153
8153
8271
8271
8120
3140
8045
5146
8055
5116
5116
3127
3127
8058
8058
8058
8112
8112
8088
8014
3340
3340
8112
8112
3321
3321
3321
3321
3329
3329
3340
3340
3340
3340
3340
3340
8250
8250
8025
8123
8300
3250
3250
6025
6025
8128
8128
8045
8123
5100
5100
5100
5112
5112
5117
3220
3031
3260
3260
8128
8128
8128
5148
8059
3307
3307
3307
5116
5116
3252
3252
8126
8126
6022
8150
3031
3031
3031
5168
5168
5168
3314
3314
6020
6020
6020
6020
6020
6020
3261
8020
8020
8026
8026
3261
6025
6025
6025
6025
8045
3319
3319
3319
3319
5142
5142
8123
8201
3020
3122
3122
3122
3122
3251
3251
6023
5116
5116
8254
8254
3024
3024
6007
6007
8120
1002
1002
3115
3115
3340
3340
5165
5165
8124
5188
8007
8104
3261
3261
8021
5100
5100
4132
4132
3300
3300
6007
6007
8113
8113
3031
8211
8211
3100
3100
5114
5114
5114
5108
3202
3202
8061
8013
8013
8013
8104
8221
5108
3100
5101
5101
8121
8215
8215
8215
8215
8023
8023
3340
3031
3031
3031
1005
1005
3111
3111
5104
5104
6012
6012
8013
8013
8013
3252
3252
8110
4132
8061
8300
8300
5126
5126
8131
6020
6020
5104
5104
6006
6006
8220
8220
8111
3021
3314
3314
8111
8013
8013
8252
8252
3031
3031
8250
8250
5101
3340
3340
3340
3340
3100
3100
3012
3012
3012
3012
3012
3123
3123
3123
3220
3220
1011
1011
5112
5112
5112
3205
3205
8218
8106
8106
8106
8106
8010
8010
1000
3314
3314
3314
5112
3314
3314
8023
8023
5100
5100
3252
3252
3252
3252
8050
8050
3342
3342
8050
8050
3342
3342
3340
3340
3342
3342
1000
1000
8154
3205
3205
5145
5145
3205
3205
8151
1000
8135
8135
8211
8211
8211
8045
5147
8007
8007
8124
3122
8101
6011
1005
1005
3317
3303
3303
3303
5100
5100
5100
5100
5100
8125
8125
8220
6030
6025
6025
3252
3252
1005
1005
4122
4122
8252
8252
4116
4116
8126
8126
3307
3307
8063
8014
8023
3261
3261
3261
3261
3261
3261
8065
8065
8300
8300
8300
5148
5148
5106
5106
8123
8123
8123
8123
6008
3343
3343
8026
8026
8026
8026
8252
8212
8212
3342
3342
3342
3342
8212
8212
8204
8123
8212
5126
6025
8212
8045
8045
8045
8045
3252
3252
5100
3021
8104
3319
3319
8104
8104
1000
1000
8212
8104
4114
8023
8023
8062
8062
8252
8252
8045
8300
3250
1000
1000
1000
8088
5148
3031
3031
8007
8007
8021
8021
3342
3342
3342
3342
5181
5181
1000
1000
8045
3256
3256
8023
8023
8023
8252
8125
8125
8125
8125
8125
3031
5108
5108
5108
6009
6009
3215
3342
3342
6006
6006
8250
8250
8151
8151
6011
6011
3100
1005
5188
5188
5188
5188
5188
5188
3340
8025
3012
8021
8021
3122
8055
3220
3220
8221
8221
8221
5114
5114
5114
5102
5102
5102
5114
5114
5114
5114
5114
5114
6009
5102
5104
5104
5102
8132
8132
8132
8132
8123
8123
8300
8133
8128
3261
3261
3261
3261
3261
3261
3261
3261
3261
8111
8111
8150
8150
8150
8150
8225
8225
3260
3260
3260
8252
8252
8252
8252
8252
8252
8252
8252
5101
3331
5116
5126
8201
8201
8104
8104
8104
8104
8104
8104
8013
8055
8055
8055
8218
8218
3024
3024
5148
6018
6018
6018
8013
8013
8204
8300
8014
8003
8003
8201
5142
5142
5142
8250
8250
3220
8045
5102
5102
4136
3317
3317
3031
5104
3261
3261
3261
3261
3261
1013
1013
6020
6020
6020
6020
8045
8045
8045
6005
6005
6005
6005
5145
3033
8123
8226
8226
3330
3330
8045
8202
8202
8132
8132
3224
3224
5146
5146
5101
5101
6009
6009
4122
3342
8061
3342
3321
3321
6004
6004
6004
5145
8055
8055
8055
8055
8055
8055
6018
5100
5100
3314
3314
3314
3314
3314
3314
3314
3314
3314
3314
8254
8254
6025
8023
8023
8023
8065
8065
8110
6006
8045
6030
8088
8088
5110
5110
3110
3110
8025
8300
8104
8104
8104
8045
8262
8262
8106
6018
8133
8133
5110
5110
8023
8023
8120
5102
6012
8300
6020
3224
3224
3224
6020
6020
5112
5114
5114
3303
3303
3024
3024
8212
8212
8132
8132
1012
1012
3317
3317
3314
3017
3017
1000
1000
3261
3261
3340
3340
8152
8152
4124
4124
5116
5116
5104
3031
3031
3342
3342
3342
5148
8023
8023
8023
8215
5104
8135
5101
5101
8003
8003
8300
1006
1000
8065
3340
3340
5101
3017
3017
8088
8088
6004
6018
6018
3314
3314
1005
1005
8120
8120
8004
8004
3251
8112
8112
3321
3321
8104
8023
8023
3021
3024
8201
8201
8201
8045
3033
3033
3024
8088
8088
8088
8111
3314
3314
3314
3012
3012
3012
8300
8300
8300
8300
8210
5106
3343
3343
8300
3251
3251
8045
8132
3329
3329
6011
6011
6011
3303
8088
3261
3261
3261
3031
3031
3031
8211
3261
3261
3261
3261
3261
3261
3261
3261
3261
8065
5145
5145
3314
3314
8065
3024
3024
3314
3314
3314
3314
8104
8104
5146
5146
5148
5148
5148
4118
4118
3260
3260
6022
3317
3317
3317
8045
8062
8062
5101
8045
8250
8250
3021
3021
3340
3340
3340
3340
3340
3340
3340
3340
3340
8215
8202
8202
8128
3031
6022
6022
6022
5100
8201
8055
8055
8055
8055
8055
8055
8055
8215
8215
3250
3250
3250
8211
8211
8106
5100
5100
4122
4122
3251
3251
3215
3215
3301
3301
8215
8215
5116
5101
5101
5145
5145
5104
5104
3314
3314
6004
5102
8252
8045
8045
8045
8045
8126
8126
8226
8135
6005
6012
6012
6012
6012
6012
6005
3254
3254
3201
3201
8225
8201
8201
5116
8050
8050
3100
3100
8123
8123
5116
5116
5102
5102
8124
8126
3314
3314
3110
3110
3256
3256
1000
1000
4122
4122
5100
8126
3308
3261
3261
3261
3261
3261
3261
3261
3261
3261
8215
8215
8023
8023
8023
8132
3257
8025
8025
1000
1000
5107
3129
3210
3210
3210
8217
5104
5126
8151
8151
8124
8124
8124
8124
8124
3024
3024
3024
3031
3031
3031
5146
8014
8014
8211
3261
8025
8025
8025
5116
5116
5116
8023
1000
5104
5104
8252
8252
8252
8252
8252
8252
4134
4134
8300
6011
5100
5126
5126
3331
3331
3331
3331
3331
3331
5100
3100
3100
5112
5126
3261
3261
3261
3261
3261
3261
5108
5112
8088
8045
8045
8045
8045
8215
8215
8215
3300
5102
5112
8088
8088
8014
3329
1006
1006
1006
1006
8104
8104
8126
8126
3256
3256
1000
1000
8152
8152
1005
3314
3342
3342
8122
3031
3031
8014
8014
3024
3024
3321
8045
6005
1000
1000
5116
5116
5102
1000
1000
1000
8065
6008
8122
5112
5102
3314
3314
8102
8215
8215
3329
1000
1000
1000
1000
1000
1000
5114
8111
8111
8111
3220
4130
8002
1000
8055
8055
8055
3260
3260
8062
